类内离散度矩阵： s1:
[[ 4.23636364  3.10090909  0.50545455  0.50545455]
 [ 3.10090909  4.10060606  0.02030303  0.47363636]
 [ 0.50545455  0.02030303  1.01515152  0.16181818]
 [ 0.50545455  0.47363636  0.16181818  0.34181818]]
类内离散度矩阵： s2:
[[ 6.12    0.948   5.132   0.046 ]
 [ 0.948   2.5144  0.4916  0.6928]
 [ 5.132   0.4916  7.0024  1.2592]
 [ 0.046   0.6928  1.2592  1.6136]]
类内离散度矩阵： s3:
[[ 9.60097561  3.05414634  5.14512195  1.73707317]
 [ 3.05414634  4.27512195  2.67926829  1.69756098]
 [ 5.14512195  2.67926829  7.34439024  2.53463415]
 [ 1.73707317  1.69756098  2.53463415  1.56878049]]
投影方向： 
 W12:
 [[ 0.00467303]
 [ 0.21663412]
 [-0.43497883]
 [-0.71989691]]
W13:
 [[-0.01511481]
 [ 0.3200074 ]
 [-0.25327497]
 [-0.55700484]]
W23:
 [[ 0.02024091]
 [-0.05645396]
 [ 0.0580067 ]
 [ 0.17693648]]
边界点： 
 W012: [[-1.44922042]]
W013: [[-0.34557374]]
W023: [[ 0.53145747]]
Fisher得出的分类结果：
第1类 [33, 34, 35, 36, 37, 38, 39, 40, 41, 42, 43, 44, 45, 46, 47, 48, 49]
第2类 [132, 134, 135, 136, 137, 139, 140, 141, 143, 144, 145, 147, 148, 101, 113, 114, 119, 121, 123, 126, 127, 138, 142, 146, 149]
第3类 [93, 94, 95, 96, 97, 98, 99, 106, 133]
第4类 []
