训练集均值向量为：
 [[ 5.9030303   3.07171717  3.75959596  1.14242424]]
协方差矩阵为：
 [[ 0.74274583 -0.04797464  1.35226654  0.52487013]
 [-0.04797464  0.20102865 -0.33799114 -0.11256339]
 [ 1.35226654 -0.33799114  3.15651412  1.23989487]
 [ 0.52487013 -0.11256339  1.23989487  0.51654917]]
特征值为：
 [ 4.27736492  0.24981875  0.07253067  0.01712343]
特征向量为：
 [[ 0.37926968 -0.62172165 -0.64232983  0.23880765]
 [-0.08486788 -0.75983034  0.58367238 -0.27346271]
 [ 0.85712863  0.18740703  0.15601725 -0.4537265 ]
 [ 0.3380569   0.03160134  0.47159047  0.81383126]]
每一类的均值向量：
 [[ 5.03636364  3.45757576]] 
 [[ 6.96   3.068]] 
 [[ 5.95609756  2.76341463]]
每一类的协方差矩阵：
 [[ 0.13238636  0.09690341]
 [ 0.09690341  0.12814394]] 
 [[ 0.255       0.0395    ]
 [ 0.0395      0.10476667]] 
 [[ 0.24002439  0.07635366]
 [ 0.07635366  0.10687805]] 

