训练集均值向量为：
 [[ 220.53333333   55.33333333    6.01533333    0.70933333]]
协方差矩阵为：
 [[  1.58726667e+03  -4.31119048e+02   5.93726667e+01  -3.30247619e+00]
 [ -4.31119048e+02   1.26209524e+03  -1.19909048e+02   3.37309524e+00]
 [  5.93726667e+01  -1.19909048e+02   1.37787552e+01  -4.55917619e-01]
 [ -3.30247619e+00   3.37309524e+00  -4.55917619e-01   4.03352381e-02]]
特征值为：
 [  1.89275808e+03   9.68261748e+02   2.13852881e+00   2.26338767e-02]
特征向量为：
 [[ -8.18370408e-01   5.74548695e-01   1.27655837e-02   8.43595652e-04]
 [  5.71297054e-01   8.15744210e-01  -9.04165096e-02   2.43189016e-03]
 [ -6.23176846e-02  -6.67408851e-02  -9.94533048e-01   5.06574375e-02]
 [  2.46106420e-03   9.13611142e-04   5.06548142e-02   9.98712771e-01]]
每一类的均值向量：
 [[ 192.2   99.8]] 
 [[ 235.    24.4]] 
 [[ 234.4   41.8]]
每一类的协方差矩阵：
 [[ 404.2   143.55]
 [ 143.55  177.2 ]] 
 [[ 1864.5    152.25]
 [  152.25    28.3 ]] 
 [[ 1781.3   564.1]
 [  564.1   315.2]] 

